140270741
55743312
183633354
4807070
86454307
33113236
21533409
231629582
131793363
91124497
14595807
89762668
413357184
59303834
81016532
2751715
160664765
299362660
8529719
148467482
229394279
130967223
5091375
87617805
87217538
65653226
3726425
207816996
99848758
364401263
334985212
20237212
59976996
197116439
122160068
388276527
146114061
309192928
344322435
280712623
11354107
341030153
470029681
381469370
38732402
151260755
447363275
38248765
74046800
101327732
345673211
362817044
53515198
25244984
22917288
300185489
59184078
206350475
102378922
384345012
330216168
131940580
132857622
209927188
96136658
176930077
191567784
52908305
232424453
196144678
59139124
352771778
335012806
37528192
179417478
28549586
129588041
101969723
382739695
108414238
272150622
27493951
39294929
152533551
79293027
65290220
139247558
61216360
236078929
63284083
52808989
10327536
93753438
129129464
75760995
157791083
264063039
89622584
212913017
15917834
99576948
107958027
379716059
88412088
111513446
167573772
30265146
456871298
198179802
192449420
90412205
140625179
55978995
169683194
212252630
236630263
156234507
143485232
384238577
35502252
148147057
181272107
41625726
382817507
126300764
116683905
224136712
225882365
7028597
144584764
382627030
365422311
253788040
408092253
153901995
142673449
53930410
10801296
148224841
169801361
376136546
49426148
267177115
111586344
257171672
18019003
313568656
6410644
62164503
176109887
30481901
309209434
24910426
333161229
66100554
93706097
308254011
192341088
231417272
220001490
271364627
282709065
114874020
288261108
115924237
343718629
164687343
33039785
176182519
76953704
57229307
226140245
357328400
4991457
110280102
234274784
113376727
13855249
316797728
389685550
196934880
97225508
135207256
8602274
265916520
176654900
77953066
173596614
157849610
35025496
310061600
70441366
296193529
75094679
16489601
36992055
87082606
132249308
182273926
189249552
168784548
206420426
106264216
27136167
160050116
238769995
45376613
190544111
333705752
184429688
17974203
290243564
81052127
104728052
460908674
257251416
63067776
153563979
200642521
230835572
1194025
204555409
191627088
225304284
99182253
168008178
265384499
3558320
236046358
213294951
356154682
271448382
168988836
79857668
192653645
139903815
242262995
205541835
69932487
154957798
172515758
85722051
47260432
310084833
155023066
111237793
180324629
273238548
212458423
132195387
278052126
169794697
83997048
248147433
50491275
115234107
286453176
141683845
198865452
11931005
53886786
449989556
71041168
44949291
287609905
58454825
240075544
416259104
454972695
237801678
101706131
231025559
75627008
159355800
153823049
19256848
82297336
133462254
66502011
300469514
7919333
93893431
117728200
141360403
19869327
47719660
142791427
41114397
310878038
334810114
14486901
170400673
63987863
123590742
393209973
99380234
167463774
151400398
3724550
186329096
278990987
84576249
411522141
118726967
8862191
75967348
245755785
240363559
122048866
132763871
156341978
392504156
142966371
283635949
8913270
210011846
35402292
438253433
1336900
158269008
49500824
313018575
413155864
255079708
18761409
172721145
347831556
102616187
109326121
467711645
315577572
140340629
131989307
112940809
276858549
148295583
462298132
200164197
215868102
324431662
165562630
53234015
89009867
246570900
182463899
108073275
205714455
199340108
206981609
147489197
3183200
64378274
95721670
39585401
182037067
156789467
240743932
133684868
266056401
132744530
232218058
11502395
181299960
460557582
27721010
53958725
260027399
302918961
374060843
245310102
171400490
180640812
146482849
13687858
76683973
63514908
11877651
304067255
301029570
188172945
380456827
132701529
229691303
422034888
21002942
244771284
65294336
97177369
115777636
333919315
353074521
266392590
157158311
159975174
258982278
217469912
128343588
76854031
47851792
380465472
71403180
11232986
473876258
135258335
388479583
48776982
163909013
476003026
290170862
952660
52868860
299886757
236171595
145165911
220857842
188438728
40021753
104375546
132893280
87146971
4310035
71505387
116152017
98154429
75691219
20490262
239375845
77763912
187556511
8394325
112401697
310335
4648210
329475806
131871952
153209996
224583088
322162038
125116553
44013965
45142330
399398736
24782620
200463272
335208876
40001747
227406727
373326270
185174894
191137508
20139079
3015325
365565328
431011422
104974067
202895443
27277077
214064433
41727177
93584626
230246949
173423028
154768014
276356180
53374785
427364086
363836608
142781368
128812581
192697941
169297256
191612899
23015435
193727529
198061348
247374780
90696279
297577604
61278856
192925308
177564564
342547809
248282883
241325772
18371145
190675879
337827366
329324242
227306158
50641341
66125453
76381202
214521981
212211127
26039722
141453013
197169247
140000520
257154088
176273974
24901767
112250273
245824308
233923412
163026600
304785966
67153872
23344232
58002716
184139020
175689194
130116380
138523660
90343850
32185883
217853148
17182384
90328254
256778020
132570657
273257112
297827245
326097165
185286796
364541907
2015020
34934888
185964319
53930186
318457960
305117934
363321681
290412684
122302196
176452369
88057153
46951186
209861080
75041619
90338138
104312476
286226047
214931544
226584549
213420643
76592266
136538817
99767327
302620124
84490072
316810496
37692692
4262320
32526587
120775139
152755122
49134472
222666747
29733867
147505136
289218008
36005013
193447151
640740
281975640
213837885
289653303
97955202
293257533
166178553
188557070
92660934
205212436
109993571
408445760
118878097
250077753
780455
403343761
101329671
406181064
398633020
98203814
196562396
112470374
470992195
355947496
409269394
257252263
31781829
66851731
332656662
66291577
30880110
97207728
207832676
4105835
30250082
145095554
82901597
256228541
16868210
240472234
158539068
111796386
262570114
202982166
101538404
10173396
25968364
140598740
318817200
26893365
89051090
340943857
166572072
96208821
110512348
441474000
18975980
7604529
282814016
116435678
5079748
33922408
353954666
128678412
71828206
195925907
161765277
169528004
254394380
404771474
197512233
65259539
166888556
75899476
254312872
230098381
25287698
423735601
163583289
251693045
312600647
41488386
251276202
188356044
70017887
203597088
4602625
267891192
92531203
134370084
59497090
276345715
23033019
195075092
251514139
351680772
55367559
376336844
64769742
251079656
414468784
152339483
132905460
71799464
97666837
132119801
383634960
86397635
361815582
169329001
200711821
194500665
42667270
128871066
87627661
2504785
168164908
108720635
62203794
205592088
240356895
315235083
436289506
274887895
235102317
90007766
56817140
361449937
122547133
152453030
301541620
145560312
114265314
139918788
51652127
327254678
361084831
156522515
28123853
304633261
417415511
212590408
283553384
26697869
228882418
24490195
314582046
124046302
180942057
429697291
424481423
56425028
143081654
206383424
36213172
51918680
39675869
177589666
26166541
314780664
338005082
71443633
142807590
255617371
203678379
240445277
61539312
151282679
365566042
13557427
164271550
103832059
58125804
2579560
132922393
80085385
154085689
81497313
408375529
7608393
6949966
378967941
107493871
14143327
275836304
125508490
34544645
216908792
166538353
346979243
210057248
41155207
191273966
15319824
110838765
88735446
58023429
19076976
59930306
184288078
148559994
120491898
53449132
110158855
182037200
11089129
311229088
136800218
155995996
116096766
149961422
93778652
235482249
120509748
202504570
120874007
10189818
200834167
198984557
316575520
273867022
346625708
18709952
182891487
85049988
360129912
307433555
199500835
32738974
243528203
175917905
305909340
35354692
284231775
310541856
320060953
313085047
83472419
408658812
185994853
104726120
58947317
57430543
350437495
71518680
426674530
9088704
90653096
5244122
26598959
154625872
116459723
32290148
347104312
118508490
136485624
89123176
93823949
413200104
6773461
263422455
7955145
64858236
81383101
145618888
112020330
390972003
42649224
307268292
32607661
14256181
121081487
230967865
43665106
167047134
319816114
378912340
165800777
22453622
323674157
135098553
12727458
2726360
96144218
339204126
130236395
371412400
82984050
70665079
84980282
132450985
95753513
397847599
35631388
29504827
331678027
26089205
261390453
59984619
350123069
48117904
179971283
123468095
227510145
4919775
86730660
402734684
144798971
250662337
184491162
240149506
305460703
118964316
123548105
328855753
379607923
33257597
465719557
57040678
173929135
370920769
14784919
140532044
132719946
179684927
19903046
315496155
56009137
161757332
163783867
120918317
234807554
130612610
181235777
254738542
151146613
4099265
59113217
133818512
77397077
56230330
297458016
219363671
4963810
377641511
121385217
257584917
124850392
207006018
29575569
52896657
139889913
123173024
145630095
258845624
99804217
188540424
422780465
206764490
178344266
233963256
396371257
46338707
76658696
92525904
290266097
48494273
41630969
14081986
125105794
256459422
8882113
73830955
427008010
257364249
30132818
52233834
376536477
154753188
80652077
138013395
38737337
283072589
40919377
307419436
38427804
208708250
97286156
178342033
72041692
192102381
86649341
2044675
39202872
90497836
276184694
17066142
63927488
34013457
89401916
102871554
31124256
336369623
309876898
229719933
315407612
118920860
139447429
180009447
132378171
356050606
237866078
96730356
128728987
99626942
178145529
27643051
95065462
158073799
208343004
224586805
406521327
221969365
209835362
55082435
216024608
327416532
180630543
225020693
357733294
96786370
264468451
21702305
57674640
38800673
58085792
159472028
314053868
124313765
119676524
11084530
417845318
232509538
54460667
257976252
31686944
21885740
106212703
57779486
71261122
38829828
42097379
167505627
57343799
254432551
15135346
388058386
20106977
75648288
89490382
400431229
215127684
29889708
38287293
2968980
80405845
65932379
147829852
57456968
94945916
175802909
250269980
140250987
256158548
584395
132912901
159757488
99815774
203418721
223439008
113784015
144994103
123440011
26155432
59342887
235646273
45120833
91573568
88663514
480294243
338765072
256809814
44768852
11940742
261424991
179823982
303292096
73714734
152602319
479698781
65931112
394162113
1226670
114550669
207260489
136385489
1189990
8163556
159211208
402793708
19743341
81457560
189122943
97099186
60148776
412017321
176873762
50803419
235646539
28738824
418862418
309835584
156288778
122923929
338950047
125479923
139893259
3253725
213142043
50984516
139166113
425406963
54343998
208819781
239372933
392489582
413421829
370340511
44354697
229565310
122391460
132524919
144713361
202356205
383674391
56112268
117548671
17398194
366748832
96971282
175025090
267416207
240434574
182833240
218580119
149690326
471972657
356734933
29815207
110140137
4718245
16326382
37460796
17895544
137380861
320263918
465958901
304488172
48109735
95658747
110397345
93155393
63180861
411101455
125152953
163518350
223298000
5864658
44645358
196423796
225968010
426330795
114520121
185788745
212491785
280685330
286438434
191711438
108669451
216801496
372080137
327603747
220881593
270260104
54540348
313288026
2579725
15665582
95908129
29963726
170523453
205098868
82487813
110999604
118511241
3607735
262161223
168810133
22624205
76247474
21009606
290640128
318458520
44543046
12352979
35968536
385972659
90287731
116081926
243286108
305170273
43018250
147560625
1658060
7100788
228107497
299238662
244328947
318787898
283595776
165364320
204544699
203873749
176566875
224932444
232302898
64685224
406251239
2488325
41228476
58752731
4364780
25970520
160867905
74291380
191122115
34146177
14745390
257579261
71284719
392059887
285368526
219612199
65238553
86594055
157855112
256043188
13270896
230410413
205686126
243089716
85759704
43338724
78660255
122523732
247827176
425971968
160915435
115485008
213744883
127335399
1739835
359259595
345862519
51412804
34964715
67935814
973055
175113885
82153654
300188408
167335002
41347854
100838698
250475416
4915465
166041290
92226836
165373266
77819184
357691868
92286784
206091839
177085491
142371875
112523623
267958833
95252362
3728700
325508276
330752200
425919804
326689176
282007266
267304270
36628328
108888334
133026847
310637427
49330045
2060585
238967430
128537334
104938381
313680733
112146092
232308351
224178845
366745619
120242803
340407615
117509492
48519795
222442376
268491694
2397995
127564229
37050764
76285540
46554755
204716059
238551000
430559180
310153468
60862454
197787130
300422698
118845995
301330262
61301172
83531163
41029760
76812983
169096265
122229123
231599727
312663822
214776655
113124027
264962175
28911472
111735248
51821772
166658095
106442674
234651139
6742297
226045577
271071425
171806490
123224404
161104106
330349756
173437889
463578628
106192193
136955352
410591855
2593240
105824140
148627103
330473712
284086378
22804868
157892933
57782804
395702610
148843494
73294174
197813345
53599989
266416614
196435458
140608631
81630866
303735168
356845519
166692325
5319155
8015408
91021541
62268096
259033084
44057400
295989136
171439564
43285503
322471746
45962618
428347544
164520652
4225170
5772272
351285286
335394936
331636720
182915504
11088919
38829548
153287787
62111331
306443629
132671072
71862331
30399217
141990431
46377284
237058425
222697750
16441945
115040879
150093722
406265484
68173919
125133052
139191684
110844505
247187138
47402147
8675207
134783525
114756917
110107293
165100259
54334030
128837116
106700344
358375355
27979541
189359179
76469920
38755411
172131598
110864133
195468457
50668249
168029206
90087797
172656913
8471864
74456377
327008530
460778229
84500369
245351598
172707922
53764293
41592924
4787145
90559912
114583079
23426650
83939543
298102751
13317397
63961669
288661473
99477793
214030427
46144912
219175196
100773535
264286794
36826533
159294977
2948145
171921682
132902982
125722263
23099211
275250740
190311424
96243856
7210429
258825002
243754933
63940270
43392988
144938103
300269489
194103548
170179578
11739604
133418350
102215717
127446951
820060
85902728
56855430
322667774
238928188
10737092
158252705
131076892
336228678
79362691
126511947
189445132
106864914
280745194
339289316
454682552
129298045
247208635
310670110
173954153
50343799
104990720
261166061
112479096
94062607
234070342
26033954
10721531
43914110
92664119
219480473
246812344
350586980
200809723
115973559
247998914
107271838
407799849
232297928
235985780
65112245
88370340
438175
191043022
68948350
277487849
46598981
135255927
71001415
150450057
299888031
319857351
193758602
29079325
22639815
100938413
334976084
366839615
192238202
45697535
53156833
62961600
81247077
122945055
311934009
55717566
270049201
27472447
213997884
76895821
123597378
90367244
176690600
83975894
52924867
38710856
114202041
183263978
474787378
353234282
245770135
170830144
278111822
17127847
378753202
83072089
54429139
334302901
219913745
64284453
437611344
135784245
237473721
279957708
116471021
81477538
43479823
177965832
122491252
300742528
92756778
140174967
205466417
161982382
102521652
154517197
40201282
168539723
29997816
138098319
36473817
288239296
405531121
45792497
114208019
263963709
223817134
21763002
55082554
261819350
51106526
248341795
36507725
126700219
415625940
483154723
153811597
186933434
422300083
148649083
246745305
2042660
84010551
86283472
223561781
361966775
312789948
384289572
336683580
164629789
189211689
199873053
215147417
30899948
169473964
8600727
71690411
150205218
366030996
150311268
108224671
31262800
99382362
35897248
153447149
273491493
125866750
37109291
176848226
19310818
149349685
37006034
65102774
16838663
266019917
82895122
22488881
18182908
31768529
123928471
164744932
28901945
168293351
192331022
230619335
214084558
54473988
327263750
228598953
201202815
189876178
297662689
184387730
43174000
195157314
123093637
247104356
80839488
206457428
438015363
18769739
84344619
211509230
85343288
87762817
223468828
243141404
980305
231786256
230445154
257539977
314368364
86323036
222531906
8489595
12277015
18966677
365162940
153483780
249901374
18835637
29108662
272598664
277526685
82279458
190441764
70978070
169530951
118534243
159130596
148810216
225764478
13122006
140163634
47742291
74980222
105058424
2162295
157514674
90778837
216111254
327202199
163154973
94481116
91886391
82756431
105176696
201868557
307433093
255085980
245285224
70650932
149956123
395455083
58722288
214781184
297463644
78884311
79083307
80507156
17587754
13473175
219027839
362905
131710448
434386087
34800334
101179878
296180425
426440149
178115786
222453821
51454223
105087187
6731475
48358627
48785788
81343425
46876342
77192320
293016166
96431946
296336329
6058089
35483583
364738383
174264134
76906027
395489621
164984129
61634267
45783453
5682119
204655173
149954359
132938507
237550434
41020653
81487856
230992771
41827977
90730096
19196921
139510975
141502601
373640892
226239323
145206553
172148734
369514455
257418772
49793921
134968990
60278038
143989715
300910108
124282839
173894191
200103269
38160565
78385323
1719905
1529410
34854220
419335996
258666613
240726936
81319093
320967509
331051828
74154628
248046003
198191212
81791796
82171742
70065788
378871719
56912515
135174930
14613111
268071372
112067573
20381615
405439540
74738064
8352164
4712110
106034469
18144226
445676184
385790785
275837291
223414613
156299019
143324505
438873255
271793692
119323507
323613124
265745615
14420506
127530790
82284190
139466420
21419960
69297293
231388600
332053983
70261907
167222491
395404403
90506138
362401433
86660408
209682202
281715226
313143931
202533900
277020361
101039283
23490238
68972430
312238257
252113318
110924711
58367647
32115449
34808328
116985633
237975271
152480386
141457612
10926372
87253532
52737456
49370680
86694841
120116250
9494536
119161716
328966549
247883211
373968891
49646354
5033562
151098180
241564822
300486678
17385811
208099320
87809458
21264917
394623728
6951835
90691106
223631403
74013494
275314419
30181713
61535238
3460210
98006995
175189877
37296058
24939840
173058503
260398861
383909815
193335396
104106389
77545645
70299329
310973826
116549092
42058151
297498665
122215473
67356095
315725377
77463465
41574325
152475003
192487969
401291914
369078278
298681784
230163663
182014583
11852017
258602199
293774420
95838395
112643666
76476969
82049620
23344155
104275712
100847756
437573236
52643607
190046845
191019222
128830809
67065336
64978881
105428962
91036871
45678502
1782030
272045937
264158246
43594672
96400544
58427028
9919639
169071450
138660216
6228049
91016746
156555457
130133418
188143671
198784077
124857112
250206007
270107392
100965195
33515134
70341861
1760670
201410162
488793419
116407454
252318390
84406947
1521135
151620072
442186383
73209257
99064128
374324449
202410952
261352380
146694144
173656667
328927237
189587512
99977677
174643653
122793120
37193410
272264631
352731717
35994989
237637920
343999392
107347543
4827825
256242821
213293775
197768769
53273306
132942581
373358414
86343259
109318743
111500440
118744369
12712989
44206878
202088630
251551001
220113378
365346312
309784239
4881650
128675500
226160916
323005468
167146240
339336909
255164674
145742935
113671630
239805162
144486106
247870989
114368242
461487371
454644367
6634539
88481493
311361836
130877189
113157837
18399208
245984398
11434964
85239800
169740727
146212222
93574175
271555321
432668903
23292530
92962522
12407824
86285880
171271452
286970119
5012380
204697516
395301090
206848959
108412334
81977905
48280878
175352333
190266239
226130977
135328629
146762219
347990036
112327021
74377473
295113065
239120695
415914746
279561025
352059745
196265897
93618072
137019997
1193810
204824230
233332892
164018500
155736219
195086999
44095221
159125402
3568750
441326398
356502729
124084627
272291973
63491577
350795363
108265432
191109550
93511987
325022196
93370937
135519610
64091288
6838666
177604947
169884906
146525227
18510739
344593594
183828955
9390593
5343795
106599901
6804835
260704383
31113182
240239267
33066462
155786724
31961911
47609977
50497596
266626719
203174386
105679877
113295583
63560800
146451461
369502051
364142781
92064233
227851640
199955240
315169962
310676571
454601345
107635887
115715434
285641386
187527531
406399534
111221868
128634445
271380979
158750377
68966326
55918732
438494394
277949695
144668575
184286909
144065483
249863546
41546479
306755724
52721636
301816202
309501635
243614723
187867759
2478215
70205529
322085402
274133785
130272046
66283520
18213694
397529232
37863485
74673349
250572940
197708352
95023231
102709574
256003645
217930757
345819938
84682845
152262805
365079283
431103934
383594045
230916296
232851348
20005505
119248810
343090582
36963117
81517074
264361708
55275691
300506726
172574110
222893407
42051102
346460319
27704658
240503867
76494014
302569542
312547832
266122446
95057664
168923071
38506029
66999522
241331379
160006520
25514561
410220974
190925044
112897444
133285777
59566187
165892057
337653612
22165712
313249610
182321512
247454069
180228442
119366074
363333133
230294969
333001230
307299680
37615496
135444990
140229497
155995744
191714273
352856443
66583883
136452717
50039558
154115824
79580888
253134002
217317382
38080492
35687584
116681567
193090326
348379460
222444567
439354400
221659839
158003197
206565368
130288825
276908403
48408082
93407351
168697552
28974829
149440601
233749721
58821954
190568429
236366440
121546511
427409964
330407611
31553629
246794004
194154389
161586441
370169508
256145493
257992345
40811619
147357562
202494525
38183427
20232270
142931707
200379559
1883475
182799024
25408525
169409816
381957592
39957381
161926263
262507471
1862600
269928682
68586534
4937060
19466680
61560823
55721017
34198922
61352790
169732649
198062692
185610714
238417048
4898220
145638012
114714980
272389910
198506058
150070748
11029209
207837030
58559048
307924395
33154340
255259132
11080442
156011816
194861613
400633725
87599115
134180132
430219750
282570738
102995881
159404877
269006516
305616131
69623178
228269953
246022800
32729230
216683098
70625060
208979332
376515428
103484649
115119391
283167082
87878597
262341837
38422162
306049242
257879750
178538887
125834739
3169565
34074504
112333034
383304847
236450286
334133431
292157644
210185873
129993936
23266896
9885115
76105059
145267943
115026235
46770495
25717603
276032661
357237330
229276623
3034485
267894006
262700986
52542261
422894005
40747912
50553743
80187466
174614995
251811541
63655181
68316215
126001066
42496099
101837969
245191781
66374639
139062058
157191631
156166369
300709425
436778372
221742383
445447347
155707008
376817751
14309899
137511607
435976438
24828764
72501634
277130184
309213690
385286022
314376470
48772719
122906562
185097446
90307324
194721018
77830006
77861772
87098825
168569305
301495980
37988064
79605787
99191276
208829777
80291472
189523686
29062896
155418153
20680389
321546150
116846788
103526985
7111267
31873942
240060312
151541924
203490744
162936370
201708362
56692470
160701697
48758698
167654608
179715195
14700352
217857558
140059754
35143698
245407388
262541197
80803011
166517409
252454470
208755479
40197537
433171909
70614105
166841194
225328707
15434120
6815895
20339587
346830493
62374867
94595790
59602440
1581685
136331218
69082057
220477511
315990894
18175173
212033432
470501383
202811674
249309265
186314795
69170201
157045513
11420033
340795723
88619519
4105155
66061816
390568971
93282968
128622755
268367808
356491942
37000077
71930364
13506019
137513945
130684059
324519855
2622165
354066134
350621217
103733303
240188181
173270925
230106487
102685676
42309619
60361114
474202297
44382459
183180874
158577232
845955
1020715
174429201
158177490
259670035
209175605
28432973
11096948
100756427
141292279
173897628
123298695
20248664
98615379
97052223
231935475
162417964
49321778
108860964
50187951
33702062
85692721
280888813
134493018
22897044
459938768
77084135
145735396
76679661
79593656
104425463
119308345
299595557
147133387
435143305
239662117
22225296
13229323
147662713
178065253
246764723
164113924
122981714
109470545
110810919
206919582
21634524
325428581
238226515
284772462
161369721
108153474
114330610
128779457
91029584
52168517
128979503
33318042
85336953
36575912
78188126
83990510
299759434
174810540
50402382
31812363
296164801
125159414
273219361
272103918
261079394
189825925
119861499
211943496
83576369
143735412
195223422
58353381
19377864
333955869
31899891
51469532
310774529
47277071
5485566
375691668
92463422
173921505
405837644
32360848
37539798
16459655
60850666
193427180
238074664
126811673
2631575
39757209
277727172
152367385
118320351
282423115
158082899
149543725
33000158
80431997
227931895
50685462
221265641
216656435
113793759
69476080
89197460
119874988
67820216
235796087
24016953
16890288
320767995
72628313
269758204
206940484
135979678
239062924
64326971
27182759
390317748
391486181
407847785
298203229
48178944
236051475
389855860
118163411
42603353
249526727
309725957
218922034
137313976
336556565
151703260
110673362
26001572
316690992
16752367
214533440
169387157
49639991
126887896
41068988
150521401
91611865
351548171
160499950
3697665
405831750
164398670
96478153
53126768
302953114
142230734
81880983
224140443
49976698
209274781
84848605
4996329
82679564
371221916
364994681
216941895
144696715
286546024
5617502
206547560
258556167
332456560
166562013
101614193
98488056
330148436
84117140
251528237
169422402
284793581
370842019
177405356
23068341
83600393
478416514
380812707
81299311
108621942
179724022
116606177
268810327
189794313
75696035
171114904
378843817
210140324
166136196
209911795
60553173
37831495
134831902
9606529
168910128
332679678
58270214
168065508
349631963
29401997
79516698
261153412
730035
17776110
67628430
56741400
173957051
178416009
29940157
73841616
316293112
7774062
195941041
64229902
165653308
248969464
27203626
72893382
97670526
24088486
120859146
21774699
57752907
142209776
11132788
329928034
343908931
282998886
443458577
157271872
162720483
120926801
48486965
69918781
273099920
144196432
354930501
188111961
25764643
225381718
379826624
196773327
38328047
323871774
31974189
157258684
35312167
16137683
107091805
155321343
6794202
3332725
263820377
353311772
185580642
485806477
32016294
29072731
304256318
180385298
4894235
132274620
400445887
213789382
224464816
124734101
430459752
286422712
36195798
288285314
82906161
57712755
439592757
5447052
260444501
11130814
414064891
228648079
385542873
437255
77936336
277259677
6475485
137305345
65347074
376020353
4555810
134014029
435867805
28957126
37509187
44756553
223761442
55132352
173371340
22898598
375778594
450056000
140482435
66074451
43091148
173720997
120615735
26937962
192279327
78803566
9281638
105433785
441954130
1841440
7187182
109322635
88764384
220334088
11823828
16319676
271355604
128850332
196110763
398478677
200737819
136152655
78148695
114856751
178232833
282729204
139199734
300142985
212152089
192471841
9006783
154942832
402212421
407496028
91280135
211525414
249309643
318031170
233259266
4638385
158288237
259599839
4357445
31596210
25063229
325115590
136340570
192626576
1329020
208451518
362259676
162965427
253880986
100812679
255859445
63343464
357632991
102375646
1204930
144590693
238383140
113611745
288806380
6901736
353708252
25394791
333347800
146173211
82831072
401120764
12681979
162649496
259137083
305064272
59064028
137194087
305048711
73661450
466490964
81455726
311038261
44384587
200058672
410203915
128600124
98684357
133981990
638880
250138226
23038185
181311916
222397996
62803876
171137668
137916585
199553895
18830919
81282917
96274201
165890769
98409292
8236573
153552590
35414724
126346481
264894233
1927875
363399885
121384055
269608712
454968418
67204286
56619068
56248068
272463522
140020001
113305838
201017637
329919942
158514561
164108478
16895293
302780669
386979798
158138290
378608953
36074362
28178502
183795250
214668358
410063586
58510902
418525116
41255125
129184764
63559253
172798670
331457443
52816871
245690769
40098641
172197440
188425113
448986883
5423287
194054282
364578412
116846746
216788182
3860495
386791106
43455603
193884952
165639462
200047717
119449388
55478915
114404852
11278857
179178064
77479600
268228011
72263361
409984976
49550027
322929665
370275173
35157628
70082532
148147778
216381846
286579589
120987743
125664135
408796292
172695336
351468756
317125594
55400970
124162103
79244538
60791628
319782486
153020345
89823393
2699495
141234242
359069909
225723101
132736242
33383450
401034713
201814461
283319269
180357977
68884678
180017644
91759208
60035530
219045395
413542411
97378927
411941175
88159052
300387985
115792854
26721067
52385097
362976469
143256654
1922920
102078867
60447284
190633487
170589687
78641894
30202923
26359846
418631803
345454811
28911199
130339911
118150279
125284819
241080506
152317321
5379425
13404008
79990654
92974205
117747492
225720490
332431654
11476796
201796464
226921193
70311530
91184690
29998236
310855316
155811840
296125188
174297888
380583247
438163791
136633254
233770245
287497856
7975557
22595400
183162702
239396110
250570280
27383841
272336038
38676654
19675861
15134772
46735327
34302711
328795798
23605983
175255978
450118006
18672894
231080950
368706753
56413695
77988493
46458995
149461356
234290464
283728741
360556016
186300830
229667377
17632659
201369947
50650287
207957948
37324058
138589670
333388470
59576841
89360812
20126500
211963845
52263227
122059919
287809503
347525
21253171
2571410
209966682
258019519
118348631
250217711
176390706
172943556
157364223
1052435
322933942
145739652
214396968
235099986
244987962
116376780
278266004
431426179
159005569
159818493
2149870
110749648
352829479
154006330
97297727
186645804
376186253
253556466
70062610
251104954
243662001
368196096
155625010
16941199
68907155
366820939
169497316
78436416
220360905
60415924
161384113
8969893
182129943
73421693
78072038
9301315
134638093
309375187
243772034
169116173
301382468
128420483
82806593
346210202
228211279
54694761
289239190
297288483
117087553
67327528
143126286
402040459
239771618
291179835
351792884
171528296
108816451
41619699
164554308
41356569
8377882
129813266
122845487
162466705
211059046
128064239
158824339
383031784
179741928
77813332
320763599
184344540
82666166
280683244
40373699
221780792
25767660
234932021
111637871
163903413
15354656
64860931
156910833
243960278
20324999
361980040
274213690
191819378
338181664
172720305
278796464
82974215
57530090
296254317
31619373
34981130
204041532
34246837
297285417
273967479
140388173
318597652
31487101
188669742
423878975
195072292
2937690
115256850
59663039
62932788
19759840
285571141
249523759
175242909
111093453
336100886
57802579
10459773
317961324
2953355
326691409
113673646
18397374
207449762
18970835
108247141
78157410
61745679
307362624
8222944
74408679
209338845
105051802
63372521
24533840
114640521
156408611
30520975
133446812
177612262
192179150
352394058
48519788
7192355
76166456
46438030
340425185
107313670
211182330
304647121
18365160
294652801
246080305
176630351
285879435
36743254
103171035
148590094
244610571
139922953
113750107
385875632
105654880
225195854
187210375
17528709
155614636
141782573
269911679
81870434
125013072
45013383
41118345
69747071
90298952
120604542
295097147
69598636
190400331
242661820
345722757
181858882
235048354
163860902
150846320
25939006
6331978
195583054
69378675
34127970
221232202
413530266
179272382
177660457
261583905
404426948
41646306
28370610
168083309
299648547
170996716
80921269
246689368
17038114
211612662
131550813
68997686
193974321
4703345
103731462
94864947
349671352
183028477
32985724
273927992
138663352
104472622
377433975
282598668
30085064
261121548
218309933
30125615
248271529
31180690
224457760
174972499
5656177
237343759
355493448
159306387
26992289
416788850
385644303
23116907
163869246
211246464
221696057
79569443
305864610
18639490
350737662
46588054
159823974
189666374
248393553
334473554
253033622
61061681
438546236
267065710
240619206
350948488
143712522
242196600
428849003
86044058
177003318
215198776
77495553
57791806
27416503
111491277
409220653
19600758
6266969
62742094
205778351
275216286
332789844
342204494
27687256
105992518
122950956
402828645
220020
242846270
353106210
20101300
39449405
262861713
201432219
46588243
226649565
278513125
170025620
104020870
46746597
210390014
139019652
228779273
357373067
177104083
10783621
266173595
307139275
438574684
58255549
36194979
83375910
48419331
187143714
385086431
127155114
262864520
106101375
232531462
32094484
134745697
318760
132323046
217883850
88179639
316433931
302899536
337430942
155542627
384338901
198690354
283212757
446294151
103318294
191867090
105987268
274363882
150356488
93048419
27872147
36442100
20446841
89644739
113402837
258975061
316889953
158465799
144152857
242594662
147267276
129494129
315420821
229173814
270499392
185647835
134580567
394266742
72694400
133640299
167187449
124670072
76604019
55192062
17573019
225367732
733515
314781518
289624526
367549268
52563688
137065560
286140206
248163932
79394835
257938151
23224336
129140643
65746452
4309290
114958419
236685129
298488052
169525876
208737426
251400228
51538391
89240545
289681709
111509358
130662408
222637522
15638394
166983056
42959443
268616427
209175094
116660168
352617897
148864368
11274265
142414358
134210246
72495
2231605
244794412
17071154
57465046
37461755
13203703
119478410
7673220
11566739
45425417
333321305
313020486
157815842
43447805
164067213
296548870
242310091
52370
13063521
346987167
355179428
24019718
159521700
215701775
85921110
364167876
356924108
419139933
93598353
229644438
124850217
99454343
141308407
2700785
35628322
439371886
69725742
256287026
354312842
40817107
53751609
333687965
88182908
106851005
335276496
96310643
86401947
25651096
91535390
63132778
235396989
455286134
96716671
145929093
189021996
157280286
302076497
33200232
192610686
16014602
139042241
215408188
12846248
207475291
65306404
272950183
179174067
330285356
108589315
119447554
36965329
124597979
282509488
453876782
95996399
68872575
53000880
145502709
184019334
211062840
153336465
200452765
268931378
296760536
301053076
138661791
63264378
187086223
1859520
2481005
134633347
93453859
395059863
400845524
18896243
296061040
318876966
122238132
218954150
161795503
11562399
21933683
293179490
137259817
248474403
162511050
385354510
360835358
4640170
348539928
109641604
236925215
6958450
230406080
51411971
213622593
207626176
302440063
79862673
127448771
100669529
46866094
32224376
177989331
437200927
145147130
55903738
74701062
114417109
178634192
299798977
203537014
135004571
357218472
91299175
194828678
322460504
248113336
43030668
336730914
12535028
200980
116193037
37620991
50729142
296789957
193591491
100163835
8101529
281615602
51036099
133495770
193849931
290171800
271680271
180596187
69820039
282346878
75518235
67538256
154551574
84857537
223510674
152157742
225714631
59934758
217709753
12364221
402808415
45456679
338860874
179248554
107027391
132502246
204076021
59550738
111160114
225564313
55164923
89357809
67677752
80330420
16210077
107831222
348779643
62433688
112782378
244051614
28391281
220630265
165950822
11035810
31298122
40413144
164763475
4057120
182014338
37432215
81608697
203121368
103085278
446906588
246234886
49751242
17288007
13532269
324584073
52841084
121113575
294274255
291792300
208185406
56527494
176581862
26546879
274364932
402790747
263868929
113016213
254809354
305499273
18627275
93159691
52549597
71737654
6654566
62027310
154808236
26334870
246128206
161728485
107157598
353730204
255946014
92618710
16596491
156538321
41880834
125737019
58981974
120305656
176340796
193669898
60999633
23914382
100960204
219507976
19121804
248170239
73714545
64286980
275903217
82335745
178136730
26294550
112354286
214626351
3669820
28230974
46170525
368941659
251776730
356463438
50673779
163429128
301375412
96500546
145310496
308754329
50725705
103231473
70744410
110255168
75531710
76372354
66709127
165957836
74841699
284269729
162679701
44705075
158339638
32257962
55720688
28046692
143365427
80388695
2161685
173100097
277059071
112800130
209715844
73569449
48024167
8350393
113878431
144042719
175995654
213329643
216947243
194670842
50403985
31489236
177838936
113406043
419774735
173320212
199012312
257205216
92898864
16530075
256076445
182268151
144547566
305040899
16442666
213828365
170606851
37515368
38632274
128932736
467182508
126098695
126253346
355845310
157781213
150038541
13504752
63646375
238815369
358049001
339753346
149795214
27901708
144290288
258723187
137226259
18170112
178128295
202444930
107762146
185243753
178461705
196443263
31877778
71207593
122425109
267447021
4152050
11965501
113358828
91025461
174154031
321033890
167691008
278153647
106813247
178241562
139229393
214431968
59838368
1606525
315020757
169036716
111684029
369946740
238513662
271467548
1799045
110163776
162366038
6100978
448862745
117673740
75534958
9761019
15960807
357560408
36302940
143443687
90522049
88886079
171182006
383994193
58516740
131067253
262837780
64005279
2209370
71150851
260577963
245468526
78696795
100486668
175190605
19040023
172475529
416161244
133093214
234219967
61872008
403651565
264939215
5437812
100878990
133260304
278293717
61665550
64107353
276192422
278299898
2591660
71159391
102035579
77693128
242953321
349753273
78433658
181209877
249693383
52991997
98669573
5004232
104752888
1610375
224087145
149645617
274201699
225223392
59417766
222889494
34294486
17721895
119468470
451601628
116504348
42647957
155444928
227662353
47665753
22656489
1751625
373039907
190091939
320474891
132035892
54304980
152917466
73436260
112647180
119868898
24200493
265623353
267787802
248333864
58636020
102091670
14925038
127185928
34690595
181726421
265207133
1865265
296865277
485064155
213861979
257294865
57619270
212403410
8925702
137425808
261685916
20560444
93356216
31592752
98328260
319800952
188306792
29155331
75672431
31264690
146647685
43421639
53455390
182593602
99957615
204241662
259272799
226064456
163774025
56554255
82913875
83807908
66709281
56291937
115581685
205573762
115389479
28678554
4226100
58697011
233108766
175701787
58455532
148724683
26358670
187324895
125109889
183201783
52560160
107185752
354689274
90796351
16070168
33965206
218767642
66733648
356495442
184619794
245154478
186256114
109368296
152072594
133493117
217244617
119109895
211977054
390551821
347834566
364821221
304602643
100194663
295768328
73306452
146457859
67395106
268142317
79537327
397378564
79392665
344126750
14651534
355970533
60129505
146353328
49836250
62203899
160005309
249636907
265611236
301754847
112757353
125370044
239859433
361211951
401032389
92826708
134343372
295552217
86056266
49536678
284943430
208332455
85893978
335037635
128472829
197299265
134377154
42303585
19285702
73607053
358023633
342502834
31110354
34493937
113821479
167002180
51683011
122646190
96490095
298571345
32551780
84884228
210476128
355985604
329546135
339900346
38922137
39506147
199072967
122458646
316690166
390212664
133549558
73493268
36079472
149516208
149977410
185961911
389374337
183704047
250896193
322151538
47607212
109030294
21894476
163268135
164395205
61445876
369271051
235169293
392746643
377464894
164780898
158378593
220776614
5521035
228285731
104685765
212705012
165519419
6264582
280164698
70018629
205192136
249753653
292434879
24123150
45987174
386802229
221277338
136696947
102816520
235822351
7943553
306722649
41067700
223858525
28968053
265924668
141591354
363233089
289092533
317375235
44898415
159143371
19879841
45364111
175299217
230688362
167623675
187428278
175844069
345624127
90632250
452204188
65284305
43900250
104907049
72938847
213354892
405691876
13331978
28202855
79261961
1003190
59348039
61207134
109213197
182918640
19554222
28316234
426684106
258931115
439089079
130084047
316528074
193449335
27947012
87415932
130096801
261597772
73088458
37719866
65739235
48996670
257377780
160595962
213062516
15609358
44358953
287461463
223175738
108691046
98650155
235432871
287808705
106025887
233113736
69531716
55379270
435386184
220548533
401675969
252449647
233250369
83612895
125077920
292871644
305594606
112158559
142333410
25498370
420334581
35099829
148572356
375169475
2724920
138194891
288514872
299773770
121854875
103385438
138407019
31246210
157986978
27621960
340444652
60840453
20116126
182152469
194677317
341804703
1402520
33110415
199665818
25412137
283542625
94527260
257685493
278333631
356315717
61710931
198176484
5292058
86449162
41664996
94017940
60698948
127614727
200465883
227657740
416423737
142314174
289556206
97726876
163700735
468296992
124706941
74533391
342845008
29047398
297877876
264373874
160864160
186626358
114712684
161245611
230069254
322099325
103679291
110565667
17887480
216733246
99639633
56335113
329005098
258465447
50083721
113990333
155762147
363837385
247127491
184777938
331973539
195342100
440943344
462781587
46960356
69726687
31916152
50746404
21284104
44555
281127016
104867254
144698276
325091006
136950739
237096890
90370877
16399644
268109788
181018070
70942468
123284107
88756775
312535239
46371264
159926293
44895671
155139973
1431480
128676032
145510612
50833407
133660284
663695
358472270
84846785
173983175
221863469
68142041
120218954
118166162
48856124
212829304
53656094
117657955
45301118
133881610
354261896
18413768
19833004
47530485
84724299
105452475
90832149
184858564
7683139
362091858
140521243
326258851
34326630
233870639
5730566
182481686
159550708
88629130
33121167
311137850
27927776
154652052
93596421
153033176
32336943
229464300
252086732
364019637
50239702
191948710
228577057
277650235
64404083
5981740
181121264
4306430
72036190
229213994
61670226
51489902
261397474
13574465
104876942
81429511
424794820
425784172
52768102
148319495
430297583
82077732
101094345
87717233
70225101
43005083
371244414
41629709
394785617
376592708
87187536
267414359
319605302
24503761
162495314
259964455
199392958
239398112
184325640
54451308
252070149
10076824
62111555
300047078
308977160
4985
172418472
142584402
51095431
177880915
234389493
164876630
63283733
119754224
99733524
134090210
97022186
89361288
95841923
23359359
469145525
62968432
374089249
63278329
118038027
271508708
2581490
1795280
66257550
131904768
77326202
318966104
169054342
346679776
133620503
639790
87697171
351547058
285263988
222061198
87810025
189494979
257200764
309230882
148499584
173614317
377076611
331609252
180917291
180654868
92206501
227560643
181833220
353433572
343765214
31821386
88673937
86251832
357672611
270831577
37471373
218091582
278451161
319287922
331537250
304906709
50931764
1316835
170879270
273248117
103066784
93320600
279175724
14233452
234889321
82766875
54331468
50040538
128862897
334092831
141230777
69543546
63315338
5957716
216189633
160238164
104119906
214892232
47271345
348774722
211767299
86495929
251729445
64178053
80787779
31612471
174663610
323580798
86214424
335949539
52382731
84012427
66823486
174067301
164154356
208788624
92865691
15442387
50622553
266621966
385363218
25972599
149962290
191510909
399959121
281715044
228741193
210218318
83023719
431859885
241326759
122317869
388557045
364751599
426079033
308067237
148289640
30995239
51827568
125083569
379367676
48624543
38022441
41795714
274600664
280303032
163502985
189731908
285704204
441642693
325563653
210989410
329129089
260362664
214384585
177445438
171645343
17272208
240008400
114877366
240829864
159641330
74316286
305239769
199895649
81661393
319933749
173572100
257130036
184428925
260411216
123688525
330734371
119137972
141924050
68470558
127231932
54815581
413733896
118123350
282614236
302742967
229330152
48347203
159173485
214949625
97946690
11890034
145675721
258741471
310693826
424408098
154120899
11381792
1362280
481207554
254102046
378022318
37000672
1935970
18271157
268152292
486336762
183384329
83803477
244826451
118817169
76041604
29312236
187774470
41127732
315037165
232268899
252607581
114718879
57585866
134671931
76418295
464796271
11845913
214880101
78655712
260546162
110145800
98800137
15282955
250968874
350689460
450695954
299602277
143183448
202214231
58734538
312140992
280373284
114768964
57392330
244376568
12582796
32910670
130862923
116968728
28318635
381434356
204101354
167491956
427192369
160803855
177598164
142945665
6591699
187869516
190849073
22658533
467765825
304539083
26778320
282099666
92763813
1498170
287733567
178167460
158111494
23492303
20582109
245543734
22627817
12088638
97703160
21987443
60790760
325833944
100853335
331734958
166712016
117340400
170929649
46575601
137264696
6282852
172403366
145058279
237390841
307150650
79687946
49836082
68364886
364184130
205404775
137864456
272326119
181772173
342386690
85307455
11518124
245507460
120081971
329175723
177617155
314670
369839997
453078831
328075204
298742684
253611080
9762125
35023662
34514279
110959977
194940804
19800965
425563133
10817844
194849692
249596272
48084913
289381507
65126336
205085918
138342444
22343043
303923419
394207578
268536270
181758040
120862912
55946886
54107713
213470756
38579172
241759513
77203401
320729236
146007696
212726831
217380536
1947385
9321377
330467020
187688440
314844784
104207399
187849461
28920740
221739240
327288341
141709808
68993864
201689469
322553310
103226783
15785660
128791266
3872680
5233020
151329089
287155619
153730481
49360635
3319520
274442205
65983451
240154413
365225058
81255295
223774056
41544722
48798962
309157893
101135218
51225323
278177860
75715852
338694547
32613520
239723178
297391586
33595648
38003947
126788104
110029670
212553693
135399210
26326204
4644995
171059030
50398399
115952097
76339482
403549498
244935182
178226295
117836721
138334282
221480646
34702019
161150173
167649211
68170860
102292437
1155870
349416391
147969950
86020517
31246112
74611301
405944744
74416162
178009036
222729320
278208639
50239352
97374174
82149615
109867627
369532998
23157381
91564867
231403657
243684968
32400937
151246615
172467612
3982830
47289762
392530441
13786705
181347154
96848383
46171519
134977082
302702619
90544043
107078645
214569686
75733205
315819247
101965264
60638076
238314155
122195635
145984932
68526852
361581236
250441935
159039687
21387557
193221023
159385739
141327531
229465406
238327000
74666741
252467672
64994904
111588325
21120913
13047519
44331800
40664675
199803928
52469307
335514671
78424376
205755
276284332
365782146
75582313
16174062
98402824
29892648
67344335
226252119
16956872
251888107
153557336
33616179
151563421
150006782
24144661
178041404
127896701
241436379
118594373
240563360
182792395
223172140
92429395
166709048
83328968
252997971
24890938
352697872
167717363
81639469
108064609
48575508
332821575
6646803
160153555
311862280
201177790
13775337
158550576
131536484
133772452
161855535
365576052
89525935
314362197
115984927
264659229
47534741
139168164
199973531
56490478
348632244
167841543
209641532
273731558
326340989
396447361
434320175
197847715
298971108
158797333
7735590
14971154
229860472
196232864
247868952
446449831
193394805
25922374
19439639
173481884
343778458
162887069
276240687
33863321
706550
435342189
76093964
56838994
2192665
399327455
167505417
480825809
34476262
281273841
211693631
33133151
124537303
382498139
319248904
101540154
73122212
394610064
154678414
57926696
354952901
203647068
66965299
388295567
368529324
107847231
244919355
17298927
15119218
114064120
183466873
42240704
69946186
170111342
404620309
193769382
264333736
292895731
100037114
19972150
105483779
225343617
172426634
247663390
31694350
238664834
321343528
54295705
274452866
57757422
89066770
107171185
32902221
24892968
111455983
3805200
239428219
34561725
99962186
241313494
217093459
368854684
92258490
357602219
47222464
157871499
45848840
82329704
148351884
279184320
136797418
75622388
19450097
79520555
320201429
261609630
78016920
202149187
188173393
142747635
50321917
157102444
85307161
47877685
376230843
157694322
200154369
137975042
210975242
94904854
97465804
26088309
60398074
234396955
166461045
341205181
1283505
41945437
102821357
381551711
224002025
189830629
163725753
22582611
211443248
380864101
212941500
334772048
43671028
155880685
134076903
468239137
158293333
127408570
461756108
202963063
5338027
233530152
208479098
248119657
94256129
74056845
162815858
150997359
116838304
284757622
5500574
243525690
115788500
332752842
215244745
33404114
116513196
236801553
115030596
105157320
152471468
21683573
355479231
469799871
149709604
118900595
40107769
328235490
79693364
36887027
25265872
201105515
133697951
424309419
214803983
170259322
349077269
181211382
110430385
304257732
102810220
162952827
263191819
205531867
468106809
102019395
101740627
169879320
49593049
187362499
45129814
214481745
234830255
115932987
186961875
7600798
38440047
161755883
1217980
52262814
180176908
92210232
206756902
84370652
221174333
241053136
316884710
104741681
171820574
72877254
341814419
16006230
165396373
60543660
262937348
124859688
175056709
236916906
6209282
451405943
23973784
46887339
200067359
55112787
181338061
84467574
79695499
377912866
126047658
383381994
206998934
157382822
181875731
269685810
57993231
103443181
169721358
47734115
229200841
77329387
264770417
188615457
388928535
91025090
136857765
178897273
1548280
37251048
219294987
156517993
364731831
198267890
80270024
23142534
118217227
121165179
343267675
160797681
77810413
43447714
89975230
101435399
308675306
72267484
60997757
21828487
281993000
184608958
136813014
325006187
82945704
163021868
276941037
341273760
142374038
120762077
48686927
154601981
138885455
441386423
213588783
9420406
74888032
188946207
86739032
133269117
36379415
321298406
53774450
145615381
227851115
138286381
124308977
270788135
260228376
70317025
181504794
7042646
108740627
22027924
215175025
42094334
146925158
426217563
28179195
218845230
136240771
471437899
201885756
396851324
233570927
64045613
145707144
148482322
214995391
395222816
213432053
266046223
148049757
115589896
132954439
112204325
45327403
274866286
53782787
231115383
6816462
62616465
179089822
1554760
263734683
47694453
104025441
258626111
115367814
174019204
238510505
11316223
141529264
60487408
30869302
125433051
147322170
192216040
313727143
107042287
82734696
93548660
19432254
243138562
10558676
60995433
61164686
276102395
346540714
148429087
193333541
254762832
169527668
450292138
274202133
106736275
290118019
73456574
98679359
266167064
109629438
61189249
5355114
180153696
40157546
144511432
191609707
299266396
168398316
162711593
280114466
104499999
72194838
286886014
131318063
240137375
149203805
144836204
228788891
311546755
292829595
66025969
341088071
125556251
220232049
37952588
97538016
279235462
29450311
127004243
116572668
309883821
19050131
152670863
62627560
347878477
233908677
317708120
315379472
67581789
80393784
236414432
331963004
34985575
94933624
85401402
110977988
178079666
413764360
314472223
310415625
166718631
219917770
10639218
48183774
158820762
181019610
59861685
150222998
202636366
243767813
265338971
289359989
120236923
314489436
58436072
6296327
157789970
87784524
41614988
20924255
143531040
181757872
90190683
351228810
16314356
302796083
271993619
58087318
417414552
29050919
299538409
245420940
200498181
441068413
22275787
207988188
42603675
7654236
297259440
223081000
39218720
289259308
30251244
95723161
438390514
181201323
121104776
275932393
199983709
356055415
263203089
315648405
114660485
34409853
270049236
33301424
65087668
113863465
255700055
32057020
12422048
206821036
131656352
361255652
8231050
444568749
205023065
70707723
4970840
195565281
169547016
63284468
351618927
275026789
278731588
374735531
142822724
309118805
85401010
49705651
84742821
314854591
19770284
58230720
146448731
25342921
39167228
217191690
450937146
133417958
141568905
7723977
411883187
61286633
21415970
171344455
249546103
248193542
126916078
248177421
223805451
152786790
11108722
376575649
297164163
299334268
197590003
244023656
6088273
198613648
118983307
154425462
22589870
394923930
83240649
336216533
86226590
206759135
223711490
180233377
73542884
183848695
178444275
58295715
104299561
28253556
172226749
192920793
407870241
29697138
220148910
21060258
107199654
480699851
397014886
301345361
171702456
55763031
179459968
127941088
228131094
110154487
35676930
136044729
254643741
87426845
305827664
31325359
36800759
11711457
56451033
101489068
374257137
343689572
172482158
132845120
93189623
77817602
33186134
25348150
50903827
160608905
23318661
417980271
361944256
38835218
446529057
278938298
258685856
209935952
192105916
115131487
25170343
131708390
392541585
247670719
238122264
110172764
314593589
341574256
261040474
67328879
73082438
338229915
93224924
246989738
388930880
118249497
285618559
63877305
300859519
266494251
6998105
163684908
7136985
429731927
216467211
187558667
43044150
53775584
141406715
40321059
21131588
342304930
26922149
26293892
371798674
373371364
50463163
353935206
219752241
249313675
287405169
43821178
363036795
81259642
47034374
15978447
84347881
239780655
143035013
176968388
302169842
405951205
79208453
210301828
143402744
93405321
28928237
228332442
206754046
179301103
271986409
77515006
179463426
75584868
20348071
18017533
225920403
99326929
55050599
413600
64736191
55979233
120578047
105385107
98418987
157829765
67001342
85292265
34603326
206457148
30660177
15816964
236419157
55689195
205011368
14591222
9651749
76313932
33044993
470431040
255521310
197171501
77863165
81468473
45320466
311497559
212401996
107027622
314818128
14448723
101580502
195798997
54424309
23897589
158538228
323460566
3390085
54531262
238883647
145975195
45952860
68502219
104480945
330264804
439613148
228676086
123518663
54988033
110089457
451115205
117436895
178576393
2672150
331033299
274596702
155766536
434279799
228894136
327141376
199757665
77130454
64244588
319552312
216174737
214560194
168583963
105116573
3712430
326638006
100524986
119892180
254322420
97397799
84367411
35601589
188071690
8685042
83211298
3802165
68180989
389049712
335255818
310730051
170692272
265943323
177022253
314378304
29335924
22036674
166387881
257563777
15922720
252447106
42856249
123124472
60879058
23855204
143701917
258422467
70951757
104081007
1090280
239288492
298255841
353887046
167150769
6374944
358333180
235101708
417572584
228116100
111164720
458721202
286192776
339045562
169249537
267206466
359409241
124502982
72672574
57319418
326772644
53134090
245553436
247056987
22819771
26631061
282499961
242512069
312297288
240668227
414363602
103836658
46144303
293253004
55962643
200617587
106514438
438144961
50197205
136073240
26204859
218946940
117172743
86991256
66923068
100264432
87272852
26634456
68084872
3694850
402271410
193760569
31511265
194540334
101547497
295150774
113121402
255911000
381217559
264555027
318363614
392856613
34192804
16494585
392005665
6233663
743410
21524792
355585064
11798551
155795187
226395591
508360
294962761
62773874
134482532
29447287
327925460
401125202
3529410
58238805
49340062
298454130
137950472
156859999
173892406
200972368
10540511
134111350
243283098
12907470
296015743
16880915
139100537
123890916
292711708
29010165
24736210
163651308
7262313
16593264
171377733
204703606
129636299
129972915
4576000
204092268
18458344
87608229
298883251
240195930
410068157
11355619
41075421
147602954
374787170
164042510
214502955
114810397
321886945
203054805
181671079
61457440
229285765
67682813
83239830
376306429
13083296
154057605
115289372
63597522
304784888
357275844
154729836
104668013
142668269
298485539
269745499
119767762
248020607
103060295
191798931
360579522
237490794
42201749
144929955
153172833
231875933
28859091
180014921
102802758
179769452
35085108
54596950
273034477
66854076
125178335
441370064
34351053
168129985
211005741
341204845
243635751
45031842
279365242
98589339
187725470
242437687
53290533
263112936
206149022
78415591
329721359
141782916
96283308
249367484
9574266
55584398
298736454
24869840
208249582
117167745
49047735
75325091
134659520
115052842
66189825
157870736
64339935
233103453
415225932
108370635
411917263
357577887
177719691
303513982
323155688
103181780
373214025
261557354
43518211
28730865
114948129
120008513
44658154
187571645
213202978
36981688
222758104
284040528
8282976
37822157
71030
19747422
251499264
56306854
209177271
160146443
355321227
186390
49513557
18621997
197732201
439893736
212831404
237295011
15562297
183576178
46596160
99004754
228198483
74816737
37310639
72368165
78399946
51431053
170795949
370649806
301948369
96104633
56822320
155326572
203059012
150186542
17218693
367075221
125361756
215087315
185416450
414570669
38327627
335805829
436075460
15865915
113461273
149288925
109115267
16373317
68839080
284031309
174968572
389694069
247191856
13875808
11484846
67133250
63727463
5607555
42769568
171449707
10077979
108198652
157845837
37037639
73818334
121199850
75892826
275264075
237542692
104954677
299944332
382554923
136938573
38416926
54704792
112328575
162794564
334484579
189225619
195364598
263614997
41038818
239372254
230798178
236067533
10184918
40458126
136449448
121667527
272105262
77565658
25589867
139056136
54990063
20171244
273316388
226580776
337157249
272568648
125753630
224576634
28647887
152985184
42316654
62799116
52527169
297410542
57171977
166820649
252383315
394498519
87903832
187627435
28044193
115428819
20832114
81853550
162052725
122876238
140206327
266042394
120984089
184164269
276464813
29309583
18626456
145044055
175495742
248931643
199895208
197176009
192692803
143547287
106923483
60991527
34074994
85619389
244549678
92426847
235516206
144255512
474772930
88592191
274551153
314065978
7508
128283479
315840968
127463548
156885738
123333793
203093480
13680578
139163600
122412523
123158968
412957589
75927084
20908176
159201898
4070535
413451859
39104753
78109565
46242121
277983750
