4825523823 1324662527
1668798895 2167614038
2245081137 6880159421
15513352 590315245
2056683100 1786069873
6975395921 4212065344
3535216695 7410955982
1418499534 2612738413
6342471919 7817261929
3790107859 6656409527
4986457177 7100715671
6704552503 7644130154
3894241594 2614183897
3277679347 8916739111
2465280775 5797289653
2293024576 3728600521
5156499166 2671537647
7661489162 879193429
9988974373 1486643252
7545085069 7990712179
2775406892 7635970201
68570594 292015745
6456159976 7865636741
9311650559 4591096556
7986419775 1016929886
8545443723 4372011968
1567450593 7397572780
2493846263 1551017837
9066701373 6759973105
8960380797 864625712
8536147420 834742579
7617774121 7716054120
7484795206 8048528923
1689173365 2561763
1936820984 9339484757
8610617315 9601712042
7015703291 7524781486
7929547363 3066340109
2687297047 1792732010
8007584330 6991047033
4166771398 5008190825
4554639168 2134657891
5360561892 6924030833
2543679473 5796488531
9965052787 9702982779
4752296306 2944521993
4530362246 6391954071
5212496063 7725253384
7890962639 1041039175
6451393589 5613887495
2826217165 2399766453
5658790967 5620832237
629162611 9357063341
2931123894 4199861983
4663438692 7087842251
9744754175 6403688119
9250043365 3224338598
4799196359 5599795639
5603317819 103801343
1582072899 9669222613
8719529209 4575969391
4808050531 8712161615
4297081977 1238739683
2355881322 5455707773
6993828241 4747915356
151553256 5567569381
8455503931 6979727306
7601460989 8587878105
1734382948 1125485227
6949311316 4006279623
1122235337 2145849576
2701101277 6964727933
1374232857 3086231110
7337115577 6009514375
340865419 9789249329
1085826061 7430547388
8824891465 5907375438
8643157485 5201581748
4015220454 1105712311
3153448594 2120443929
3232649009 8218576369
2492652351 8209123474
8617267924 5500286123
1902535551 8290280749
4748579985 1695872516
9018805009 7368768129
3760385896 6695607425
9206946240 3507717013
8276169814 2157367881
4373931147 5972879917
5614111435 2094521047
3759507421 6004733257
9898945634 4326674979
9287518455 7286512054
3768152125 8895793924
4600782287 5472121605
6200995245 8455004651
6144456963 7593196121
8003229323 8207941343
5133272393 7542726768
5102332114 3061019473
2874370043 5241306739
7768516792 4047133533
3130844167 3361940947
7131569644 3158977009
3670619357 9946548799
9932118739 5873021169
3767424763 7728993518
8915125641 4953667024
6144365410 3044225213
7393683620 8246420921
3208043675 9436452827
7324197600 1942137101
5061096033 6012337634
3611991556 758646251
3456696883 8092908098
212701638 4403992663
8234280410 4121307469
5480171630 3258516407
3146700637 5059942746
2376347228 421677705
2441603699 9858072213
1970235199 5061479814
7231105489 4005445198
4634330859 7659428600
3092083889 9498449283
9228898661 8264353929
8544907139 8374615079
7185841512 1613499941
9122518147 7875422534
6124719350 7319298561
7878332957 1755819269
2487970934 3140879069
6942632576 7046275559
381723941 9160143380
2140980401 3875772324
572213148 2018589409
8414619081 2635964873
8632242475 7487780258
4687702056 2347409977
1567048609 3928049719
8261243846 3853717931
7632841689 4178599010
2633747782 4059537531
7788476154 2567215423
3613554286 9554963917
7233894737 1361140164
5274171711 4822714904
2366042608 7892062607
8975484739 3593524620
6606438855 7218248794
5082003611 513536824
8746743687 5061068629
1409976472 4420555791
3418127912 1687469011
8060604643 8401962523
9896549687 8496012193
4327646408 9195287313
2122434135 7688233462
3406933358 6824019745
3511304167 391582525
3366699228 223213375
5243940926 8637435183
218802733 6325462145
4024375589 3647911385
4845795921 9507634981
7650772433 3766842736
3331524447 5186575259
6309104684 7429277081
3634219891 3989861214
7961132229 3247803257
5240532085 470614506
4119058103 4735169639
8306842140 779941081
6489656186 1118283003
4987379192 5549879461
7339261108 1087268911
7033339167 295650605
7260368566 8005879781
5648000563 5576710905
7272342566 5292048321
9869407007 6936188105
3349843103 7974858708
8868098304 9392459611
9513136351 1987449563
3032725130 208964607
8851709655 621934973
7489800607 5075583950
7673730715 118094742
9958423086 1588697233
2306664382 2950603215
199017332 2327394401
6907595389 6949281692
458980969 7261156102
8075360958 5275602965
1176043352 9721030329
4630871753 6141741027
1014897151 3293065284
2898719599 781007678
6042883485 3744804089
279458052 2038443707
3385111767 4123293361
3194760173 8230168885
8806567451 540728604
5131911009 5803880674
8346549915 9561334892
9101375725 9659600871
2272904851 5830227594
1374835342 2346689459
2630286039 9038217205
3590506526 1531650281
1235626065 1303511831
759397170 7621974697
5086607366 5922039729
4478670561 2454890113
3532170818 6070001995
6057736966 4607661281
223482533 4014088040
5215646893 6257031721
3980979447 2315564275
5899746133 7471046524
6234376397 7090824093
5159848791 1674190604
9863066180 2294667091
7057651811 6110117495
3179150161 5058135785
4693067479 1149306452
8502519656 7547108963
5593450262 3306387911
4655135507 5250246933
8786413768 6971297897
8526649657 9162190341
1158674656 3369292569
9823204089 7393565608
8814620973 8309593675
6737261305 4353131288
8317325605 5843381867
4192712709 1484370446
8978618720 3111009589
1622547658 2477606431
9550888324 5379927591
945053863 1820175937
9866625109 795016802
7295415260 9938249499
7167962109 6336705031
7684906749 905559332
7738673639 1639451857
3392606429 5995333404
4409568444 5014576025
1877842839 1037381135
746434796 5821162795
3284089481 7362891713
7089184447 9923312673
964928091 8943959453
2433629729 2000577731
1609043755 1473773281
2690068483 6730738034
7937765366 3880766587
526005921 379282570
3323341814 636264719
5706697215 6609034996
3777958164 7174909403
7683814414 6822014143
4026752938 9521308151
7036201546 1584290727
3518788069 5525132865
1258144019 2361390850
2831030260 2234624053
9317482955 2559784626
2495311767 8265731374
5203367576 2329796685
5530834051 8094896285
9879107516 8185510493
7761845311 561253250
6419704295 5692784846
8436797502 2610613375
7884909187 5649016429
481282267 9661996594
2714385365 7918662492
8148443699 7099487693
1617328252 439511619
4425487363 610933591
6681781862 77231145
6365157775 202698298
4559405524 8536533935
4092233483 7075747572
7871632543 6073129856
4907630180 9952513203
7343971203 8316889228
2652021181 32852748
8792161796 1661566991
1012412947 1671048007
4937278347 6737878286
5900572427 816146994
4483932271 320076558
8858762559 2259395552
3583435199 9960372388
7958359652 5169427191
6579703349 3352070967
1628935103 9455246617
1478520461 1530485478
1206185700 9427790597
7485222997 6431570254
6014079073 1473134497
5212391656 2325129663
9861442347 3031239527
8513466807 6055477432
8739201285 2580499262
1662953743 3638719316
1231648773 2034150841
7076623241 3535613316
1926055178 4233331135
6411350603 6722498553
8898012231 6248938639
7539826140 831969991
4124955291 7596514925
5784284885 3810307909
5033224673 1159902401
6171034541 9625723057
124008985 1973175419
4510525879 8239141496
7072194358 5174823083
1556495791 3763610629
5567682016 3744834985
5416765828 1842449193
3707370113 3497973658
2643214459 1203716226
7339088667 2064697018
8729288673 3453641161
3890579561 7628460204
9956222637 1039469935
7383817266 673403657
810273581 4736200018
8583265123 7652422148
9783054506 2115162655
841313627 1014326969
7653184252 454754229
1836568243 5882647824
8735262412 3795265805
3515696582 7431875713
3801063519 732162122
4241104888 9132840869
9136399782 3550880563
8856853476 6297680567
8340200456 9111491191
9513082463 2301853319
6692974988 9572221447
997268975 9459682733
1302194059 3528776676
7544426647 5734553136
6991738758 8207002615
379266544 5740589683
4046432015 6043933498
3468392593 7178156467
3062331715 3448559307
4814024906 1732730231
3753390083 2381962902
4924708077 9644864749
4494655025 3024584562
6362332397 3355310192
7411854358 3431907221
3323125993 1986290116
9584635214 3375484225
4736470391 5194543736
3604942783 87390336
911314407 5770647751
8348807767 149408527
6650068054 8594866529
8539673669 8225093196
5146077258 6871499255
1119145024 835093095
767336428 4179018185
5862569366 5367505109
5723666656 2318729829
8426164956 973343383
5682228127 1849076701
4556781520 8271737057
8848773362 9984361463
3971773891 1091869502
4525178697 9672376112
5109982909 7584288621
1592479695 6899745313
1864763479 804898660
1331538255 8363626663
6283311893 8934689596
1363434854 1317514915
1898137161 8208506905
310182769 5712374324
306778253 5484546933
5860324190 8169444807
5886857127 1859243302
288239369 6674133762
6824181186 6878747653
7527675858 6699830051
5362939570 2302527521
901769719 6553578173
5180537983 1067132089
988014173 4732068524
9278809463 24113872
7530310545 5105920154
9415554370 862528179
2521729574 9415585533
8951659393 5550654815
6954048617 3875840034
6139757074 4546609283
2109525371 3831266814
4544777427 8161781917
9917703941 7921302419
1185827458 8993836563
167499930 6966937291
1101087488 7976240551
4808993321 3048994464
3579078713 1044930961
5608560648 7510106417
5743078076 3852985405
3958044830 6613777779
4767754323 519235400
96095656 2272568481
5148604633 4291489521
5208222904 3717813981
5129078339 5097964045
358131319 8169475876
630008297 3109018025
7845274963 7625460660
2008502068 7444803615
9409415329 6427775424
9230415779 2168970448
3248695947 7870777717
5427448838 163011169
5165306269 845950174
9783553228 9496244455
6374594243 3691132280
9244712827 9822477452
3624511115 8253154462
8828359957 362458402
8184667087 8755333345
521839662 1532995525
7451657935 1075088522
4701682735 6581328533
3853972960 4908482001
9287761198 594314153
1172751910 6034652479
4704906539 427874270
2221820654 7794550117
8809165510 1922468003
5403938319 236279425
1950129744 9531589501
8877045082 3163646795
46608546 9386345149
4139400729 1158388414
3193032117 4910272522
1374381969 9133948031
4876939113 5185375211
7499317015 8171336653
1304498662 1316829767
5792212736 1103479955
7720888074 2693455613
6600405556 2184298663
86914543 1318329295
1209829954 5125754935
8199091629 3594423908
6238138992 2185836965
2163297836 4301568115
4703837917 8043352286
5113346842 6061776677
1132612600 8975288121
3088934137 3486995580
9692078073 4701159962
7034217433 7565670052
2822306140 1232348051
9395331650 7516436661
5294296869 6322520987
7424271265 9919300642
4014445457 9436366503
1611126117 3244624681
1257654741 493177102
852423031 6085182588
9198124619 3900777130
3358229255 1630373279
63978560 5318585439
2867772095 1059141971
8959059446 7590916789
3420676867 287472879
3889213636 4113244683
3329460269 3422540947
8292618375 8402735603
4559041393 4551653457
7539661835 4051418099
3623637662 7546672227
4484846659 9648057497
1892692762 4158890791
8670132445 6400902694
4402767129 9039527903
2349943255 469559331
401046829 2658486003
4356502978 9979047365
9798139610 3233456547
1593293998 5328380489
7958296337 9602431972
5617169769 9782441561
6045285283 5778365886
7791635134 1702483023
23276927 904347098
853609033 3948144136
6554366804 5480131341
5726740151 5428659453
7139391782 4622905837
7062901444 8765381821
8974388647 3032253747
4769509428 2091224893
1365610502 9989712511
3302775219 5257380413
1211675197 556231942
8920932366 3967816373
7867568052 9504920959
9322638005 1436687292
933585623 2432275792
2404791323 8339128668
4756437358 4791350185
6356264169 981449561
9364693088 6972001303
7262141917 9205533143
5715076522 4577405263
7815425672 250642245
6834422699 9638922630
7453520497 917355032
2060321904 3251995633
4149676890 6894067333
7966090195 8997770106
2715379233 5530055110
3396715235 7801646103
1028898785 277356806
9209516218 8056505705
5207025777 9695200531
2810290228 2428436887
628405369 2377612773
4345487993 3895760952
6581658411 1277933611
6674052006 2123628013
3914028843 2281476263
8792711592 519326551
1479401009 1057378
9111670411 9637099700
4131560244 7697964803
9923385604 8319148041
6857333108 536882411
8097030968 3398471979
1805973313 6974172767
7962839240 2533837393
6844958967 3382164193
4855667187 6146087827
1183727447 7075697549
2161620413 757704921
9865497377 8791274181
4723843315 9383778461
7621573760 6405985541
1645000880 9505744561
8453855240 5163465709
1598872289 4536688224
7492118123 285287360
1466535087 5673212416
4217315701 7311376143
5849489941 178101879
9443614225 3697618319
6281039149 379089892
1778899273 8671157975
5251831429 8182022741
625070805 7406554681
9580969869 4989450271
6803209355 1374129274
9170256035 3823995304
6913241509 2426374851
684534272 7091457283
8371039163 5254000131
8574187499 8706859323
210349393 1610838813
5584584409 9093260294
3990683129 6796975555
355282691 7591104360
602774243 30908548
4758634183 7909361032
495545777 8267145229
6619734943 1790265051
5874448398 8628255707
8899508189 5154621740
7652822889 1649778281
4152514026 7887812893
5235182512 363836367
4871484111 6530890339
6766433994 2741582921
7426631834 7200375169
2775651544 8366450539
2990176466 1070996247
758336368 1741335359
5623742563 6898328338
9921704035 7412176247
7193621607 257963105
8014221411 641577533
166105216 2414965921
5266730282 5940643369
1644453256 3328403199
7908901736 7803661699
1321223859 740051320
192725557 5850779496
8361608469 8884152449
3799068041 5688439005
6108237389 4530531587
9800469441 8717066209
2662160791 2527852301
1026118373 7365914614
8089798820 8846225771
4853328644 1310070287
2372819525 7295853016
2570588631 9460931810
1948638889 7193390961
5396039016 2609538883
8299938547 9389595520
8601930752 3987049175
2685311505 721837493
4074009916 5329575553
3888381224 1782687983
716786649 2593969349
7765565276 1878376641
6543266971 5945044838
1466476 8290096599
6370946788 8236259007
2769167172 6159834019
8253417248 9472928113
4463841416 4369068585
9745156788 1068653995
3322716237 162268639
1963484079 4264855445
9644076627 8014100723
2856315954 4484765309
3384470153 6041628975
2950663867 8987252509
1564234243 6942734473
2431229603 7338014221
501966095 4901693128
7607048739 93370622
9045852668 6377719409
3387562153 3739540830
7973083215 7027125233
2372737857 8533109723
6721696363 918532866
4710129146 2763885121
2491817050 3274514031
6770518180 3281769857
8588134607 2082976380
8195638915 6800634134
8597961537 2619746515
6921671899 9927163033
7150366289 7688398977
1057564689 7054411067
5861324619 362993288
136684763 8530599318
4235075813 2918037319
6041263329 5395886042
7931651542 8135792811
8769619986 2104547909
102142559 9653481933
4391473303 7433801520
7319388907 4751627568
5482175366 9808635129
5088443268 1959454585
7983153220 2072958421
7703582239 9810792178
2949236831 3320708314
8494657199 9043870798
4298080121 1229759745
4583119062 9008133797
4473864594 4347606619
7406105571 2405958301
4511388362 7724865335
3467635556 1785302179
1490581701 7529512873
8595566384 7688666083
5874519184 7088439987
1113490671 7616522632
2399422511 3688258589
8551635173 148772275
8339285981 7349614606
6246067055 6798510933
7170260123 5258066937
607962980 6373436579
6744260387 6500748354
9181097998 1738273281
4887845801 5143857409
5682063293 67460677
211171060 8518928759
3446147628 7079496649
5628699494 2555167451
3772020099 6762051632
132030653 9659694088
2082320156 5565050541
1221181129 3802786457
8796795373 716301560
4463697725 1376134019
7987252489 6353099421
9166597627 4584443420
5311920302 1164963057
6360015309 4717677242
9092162887 6505917285
6373952957 1271964240
5436049824 6416621315
6848111600 2856572789
5833537903 3606288371
128919625 4086116686
2979366003 9085498942
7727362185 3533355818
2128792639 1032971321
1430367598 4620363235
9326598677 3306984222
3554571473 4251770084
6043810231 389851016
3056783657 1186483905
6929370639 1788578824
6977520185 1986471133
2088006747 5261803910
1948660241 4759950741
8011334632 6333517245
1687698497 6013705433
7520802667 2184393704
3371458129 5395382596
5786040452 8967246381
8897220144 9965916121
9714698576 9689107693
8745695843 572780320
6241307581 7775460464
3223880734 4123631625
1294138300 8740750049
7948337071 8267629804
714645762 6705267757
3003622090 1450602219
2908542466 8347664073
2122510066 5403142561
6219785246 8533693629
7133138448 556219127
9255662079 7524806233
7562272186 75733205
2966523693 1848486547
5364086509 5406643240
4215418981 264326925
2472078645 6353640931
2877627499 3251179274
2037519372 5411604601
8201024809 8171129797
3022672876 8697685291
3072272689 5736855897
8217160589 6457088130
823281114 4742390447
8291743129 955677792
8341245449 5509466129
1772912181 6016111073
7186645184 190851733
8294261166 3138840835
812300485 3540155317
3944160729 5992117681
9126783608 7874522339
4748471350 4273090713
2079409307 8968915081
6450513624 9311536495
2929829238 6480810373
733342391 2374975502
7224690013 3522534995
2430064663 988498988
6736621162 8298301325
2166095751 4982204689
4752593152 2627373771
9238664394 3703313755
7320108589 92452345
287125659 7807274252
4710361683 7983356237
5466132818 7175230833
7328134405 7294447602
4221077759 5620033731
7384763849 8232648158
9362870369 484748224
360585872 7750971137
2260747873 3991540161
2575671406 4041740515
7477666211 4023862776
6321488169 2145949183
189971227 9258117421
6322176859 1762615514
139913665 1697030003
3541785159 5145885622
1489125769 7472726545
1129143423 2107279453
6626383048 4220956217
9815411053 2513983602
5928183657 9105213926
7800899009 6838313937
4408407467 3108171285
6091431 2450953010
784253781 7346614402
8788112744 9279364759
2019534421 8791771319
7866357401 4170798726
2805987406 218359045
204909160 1492607423
8874531965 5908456143
4694039761 2804318683
9619480449 965700287
4729694245 5169200266
701502330 5926351949
2784114217 6256355684
737741630 5671416451
3545573836 6383824829
4487662814 348055123
5267044973 5968532382
3162541744 1208166573
9301278650 9555703011
3395029939 2177184971
5728216135 8814292884
392116684 6175164025
9170882749 1984824342
8671795849 7234210653
7954241621 2108195217
3116075991 6166457761
9591785119 3128561092
9158541222 5865958655
923850391 5218801522
7038686685 782937223
1720858603 9469366152
9844739749 489849160
1284440011 6550367543
3781836681 4541949154
8054315371 50110044
7000437240 3172851833
4289417117 5258404834
8466642689 897371287
5645058256 4637481469
5010381969 5375397281
7252848315 1170623933
3290522696 6964173531
2766056563 4239938867
9724353644 7291277637
1401794670 6297565133
5352287709 5998320071
344831063 3244536357
6825173047 1069938238
7705631923 2809544428
1499955731 127507176
4672216889 7293781134
2022608716 4015741641
8575986541 4949135355
4460268835 6362366086
844592029 8344224337
2297910495 7269726118
7816056901 6185204645
4221984402 787020899
6496281305 8402035676
4748192429 8437398631
5279268680 3042498587
7047513364 6935216981
8780831522 3580986821
9340491761 1437500646
125123963 7633411116
7486170221 7533623958
6056586734 2948922199
7865084345 7380994472
6492121635 7856083342
1736759621 5419749240
3207951463 920351594
7707335470 8535918011
4141732177 7480198620
2624161591 8850086560
6182237048 7229621335
6287349738 5005653271
2786748026 4120301669
9206779676 1615336413
3022004451 3390985258
669209827 9254252311
827463434 4612625469
5527730921 7659996029
5768387863 9573101056
9215249831 8123328854
6150821353 531005864
8213043989 1274740819
3347182803 7613076184
4492704821 8044374820
2911013921 8434573040
3276375742 9373138893
7472547155 2698480778
4201041096 7345945835
4988586743 6168355066
6878532511 8379844079
7510452574 590356619
8375580395 9970259801
3265634821 3805841763
1166754992 2027652885
2142286897 3575474929
9360211583 6647218824
9114281353 350095339
1830563349 2732351374
4016893165 8488845328
7217000313 1893370961
8228135183 6616001686
3613686967 8821254253
1167753172 6131339999
402403018 7353501729
1577535718 9764901825
5920194531 9038496145
9468179180 9003288399
635160264 189393343
3931011614 4539783937
4594504231 1650180997
2594383733 9185774691
2885408472 67942295
2807596037 6939406516
320910851 8565982160
566578459 7260429454
7856141203 8059694083
6760868103 3912826193
883411054 727115831
3739911495 5398509386
9898809752 7216974943
7110932986 1707217983
4577080142 4351967025
1507572153 7273051508
9049373799 3887276140
1350538046 6626224547
714016762 3893654797
4681406679 3078946376
3123221187 9302017775
6744196861 6941420707
212000444 4343463343
8694196916 788147145
571752549 6179802388
7245625399 1140751911
6067106667 9516480548
3735782307 2548099016
7183895134 9710401175
6873835777 7308318599
864815869 1459882892
9801197153 8601418902
7315410776 760246605
7180157875 8763308428
2487225974 1876336127
300227291 1699674839
3400331815 4461820253
6415033490 2707725697
6552812325 680001068
3175934433 3824932595
7032461443 210171249
5979095793 5960792843
6052087477 8451716387
5065691843 7731762788
6015223788 7701698251
6720606259 3446220064
1460752109 3895495669
9263891339 987548936
307636009 6336972817
8054367437 9444220529
5313225935 4443998049
1017883831 4633559656
6413650078 643783813
7580467247 9332850171
838169622 5571315755
5673106568 7662889827
4397068604 5492480293
8780740666 6067510807
6294566679 3594387721
203810437 5033331953
3840661386 4310110363
4088659518 3640352809
5027488561 9291964384
2256002085 5574338059
7360558947 8162779060
4679708169 5165577163
57975435 5884955974
9989667501 9074234417
493829769 4162459961
2544912811 7390409825
4299309694 8920279963
6523118536 9807928869
7965364903 3291579234
8627513108 652419861
5056075802 4979488693
6250155884 7058072705
8808364990 2447004361
6135439207 1665801184
4027821243 9462598955
701915008 7374169685
6018710049 7889060477
398391168 8725361795
9143440903 4897283909
9911840646 5031152555
1705037921 2232011102
9395166553 9968609108
6461364683 8776451127
144739667 2257433954
6542776030 976362507
8428492895 8128326731
9054207101 1799235020
2232913797 781718107
6497867468 7572140673
1720776361 8869325558
7553060139 6933630886
8613916219 8831518349
9701159357 9908941856
3848874731 5958937970
1373520612 9366331645
5666062818 2006994997
8674403129 1411326963
1672370657 9503679485
1184891901 6680106233
6876552241 1018109929
3510706361 8251739878
8764737962 1101391425
5815974324 4561488835
5932711723 8940290825
1865320152 8665180403
9471979677 5270761174
8663729426 7052669801
2187109591 4405501709
2036959757 4128631744
2091928862 5576215911
6703765509 2398321154
525737839 9679576936
555990067 3993477988
6811196137 4958417331
9228765985 7650836344
2059356821 2252476448
4781825958 8860745609
1209059359 2038084637
3368971049 7247939978
4971069050 9637062107
9064386033 4651780517
8211768671 154681880
1681585461 1761265903
9249330506 7978880157
1318909026 9070207547
3820017982 29963937
6943878223 1946108663
4498939040 6900312109
5240981819 896292925
2185992696 3850915793
4130758853 5159253847
909146773 8838438461
1340928229 3948499239
2534063453 3818883087
4819371469 5056940860
4173157602 4012547273
6146466168 3657127141
2177783853 6847224338
8157250929 1386720161
7250219328 4788722687
8948307410 4931255923
4245618043 6059087559
2820422162 3347803609
7739245951 7130103706
3479476603 7652855730
2233546837 6239458478
1223438369 1205513863
1952861650 2632764773
5695835848 1809175293
4980885862 3391607325
9914153024 2919381143
306307213 5155307153
1195268681 1762161198
6814698966 7382387333
9178332721 9012697211
1878404893 24873804
9123531363 5244686939
43625691 150737338
8161118723 1450647944
2729920519 7805366145
4089488601 4728617081
6268827632 9032524295
1395365559 5983763636
9930498517 5400649284
1474720751 732412007
2728923775 9314929859
9474065939 841221077
2387158808 1155853105
5745263611 4107937268
324397505 7527771916
9869353144 3748645987
2438107775 6240123604
276436472 1148144059
2866619429 8840436923
933119250 4575150869
7526111173 731465181
9099200945 2953483778
1605616473 9525424261
4029057223 1830790556
3671738531 836029179
6256905989 4774640726
7276673295 4527735004
4903668766 8678726881
263578703 2608166479
7330481591 8088228491
1346590676 7776987841
9077905177 8770218312
5591591130 8984039207
4080192489 467551990
2218488224 8486038333
9713357 989786333
579428354 1431004103
5420863249 513057074
5592833807 8259398754
440447940 9950333119
7483334902 1539714435
5702429893 5543236188
8129768854 2748232813
2226634999 2039395793
2681044653 5578846307
9255621690 741877217
6806639015 9325786819
5877975309 8769829616
3648335602 6537643645
687585305 9822085099
949773905 7871296263
3619999269 3764436482
6903466313 6192468331
3841427219 3681901343
1703808759 2474436839
5256092389 4452388620
6937516472 6501795991
3603845995 3399945897
9932913561 5261375416
3412815613 2247547863
579506826 3757076669
4992676912 4676189389
6739137953 6813216648
4160526863 495230127
23708027 6099995016
7293584707 3742794298
91893774 9146309047
5013959623 5015931236
4049934663 4788468664
4361932271 4788874800
3743285468 4546345863
4184252518 1394793073
7910418385 7414878158
9260573816 8735203931
6078420563 7226638873
4095230018 3916782039
7103469867 2902041607
4137161195 5900998852
9408619807 5702640770
3114479321 310496394
2813249672 4644942279
8850684685 6866531882
9652755032 5069147121
6150994344 4961396849
1122098423 8859521646
3383196595 7225102321
5066201652 3530224361
6102534119 5153620987
1774816419 9813422374
4410487051 8449805516
5699919331 7716043575
5121101049 7094701874
9755412043 2631942667
2002527644 1584791159
9238593153 4659117986
3664593427 900754248
1986396053 5153599710
2499397910 6290363483
4661305133 3935563922
4248478095 3152201782
3501470756 3749391455
3002150306 3402223941
3916397387 596017736
9725386108 7044652339
4215006585 7653540107
3363342145 2168655376
8553200017 1843630090
3574083270 2333481571
5130175451 9510278551
6158891017 365282698
8767413694 9049894677
3243811613 3320914746
2474420623 8508410793
3074512417 3994874895
6050932299 647267743
2571522801 8462317480
1242482914 8122638517
3287154086 6927625501
6056560077 1746967294
7492320035 1707337232
7415494911 9568202173
2537549922 3229250233
5502997189 6264981368
1336962644 2017777003
8998416192 4927451017
6840916066 8823072361
998087857 1231280283
7255295746 4812917429
9058761583 4493825297
3170523586 8414370661
3397306897 9191177585
8434255861 5692015254
8975211041 8163198084
3566801827 949404917
6388517985 7412657882
601994226 706808221
1828921961 8362041082
1938249659 6385144069
9315996158 5985275529
16228222 6790607111
7845169875 456073898
2590413167 2632404031
2148776509 9289762585
3827287234 8904140509
2822683174 8781930029
2073478156 9513825711
9178041359 5890040450
270107693 3452690191
1406420029 8075272291
3534058978 598156229
6425552069 8045026382
7995836933 2591508740
8983533847 4112738571
8529487421 4238001498
888529359 8861258030
6352877783 5192371236
4812925933 5381840772
2087643855 735625618
2368145189 2698797168
4515224233 2491539347
11136989 2231099249
2678683379 8469907774
5012458007 3737186747
9213775534 6004438387
7290399941 415761008
5935357126 5474297933
5763953581 9960665760
2936333582 2840248263
5544987509 9771102783
9844785026 1028426247
9706427089 2653323167
715671884 2596534029
2180388488 6161535367
134485117 9487323109
7114971230 3347656603
3598512223 7278961077
4398967117 3258292821
7683497011 7547763757
7521538562 1078296215
7424338408 9792198971
9921798393 2776602346
2333894166 8515829363
8065419270 1022243471
3924167971 2026613962
7252555929 4325260057
9597690829 9215794679
2270223325 6150579512
416067529 5239722991
5411487707 9991573031
4891231807 2441779160
6508369357 9944936632
2059157639 3499556539
9843196504 8897869735
8185632324 4886505845
8526068842 4424066191
9149680864 4429539923
8096101513 9126002334
4075474547 8958985558
5764074419 8288910493
5838255323 6220503786
9032756009 811146377
3407813694 6409315457
4250080512 821367995
2152976833 1232453660
3994264607 3134907619
7581751954 8755021731
7595943462 192438491
8860690649 9209569060
8850598419 7815927452
6583668618 2361232291
4413399340 6373330013
1211271890 2176235729
5629387934 4972746333
935940098 5553094465
5284965085 5884648608
7347661727 550738933
1093544743 1514172137
4712477952 7467875153
3310218821 2043612560
4418255921 95305070
2969046539 8898462519
9210858273 2434837604
2700284185 7344005226
1839937125 7941209119
2036583379 9690150829
7103408267 3048836663
7179224231 425847261
3622428705 7338423436
7049023639 9894296792
1315488788 380732383
1428584049 1601153129
7376064775 1195216434
451019369 6255322319
1394766564 2333583971
3638508408 5957429183
2341690458 5445187255
2424682046 6127201945
2920935796 2145522359
9600174208 5806727941
7961735503 679161508
3303191050 9290950223
702149423 6987265367
3457012067 7436498865
3342469715 5100797596
8202449909 9443494579
9892134325 3426532679
7135657690 2459633829
9496426095 1149911653
3348067567 653957657
3667681564 4676083697
8853121161 9200179789
2186424068 3013215431
3948328136 6978330993
4881893153 4890824322
7258817793 6508180763
5368639845 9619699612
4630064128 3991067369
4432162299 5173098196
5897632942 4976924845
5352426337 3193441842
7452562361 3480306135
8385922792 3489489317
5867327924 8727319475
6105307556 7592160235
5478889673 6519520693
2595815836 8437612871
2858873168 423506459
5447265512 9626056131
3267025683 8670333310
2283586537 3874625276
2809000988 5648905705
3812688125 3805370311
1582386173 5414696495
6934044895 501330713
3333756569 3865620890
9207286523 3081161004
2793012551 7205952084
2521486072 1125376473
5444434037 6586577229
7639307151 7118951494
4271370878 8158528103
4728285250 9234471491
4010343322 5695075091
6302573171 5626782482
3472187932 5864724035
8180563493 9674238062
4389191226 4506436853
6149881870 266030483
2779668660 1266052283
3911060833 3566679234
9706746485 5879628856
3775517027 8564653090
715726995 1146346114
6273045163 110622591
7025472103 6633568000
5862518681 5228497880
7307040032 5831728849
6202291721 7586770711
3629894464 372151169
6950588099 2624572670
9154029177 2292782186
418870571 586876882
2848314578 998488139
5337903543 1641322828
9222842738 4118620537
5752110431 8898613321
7542570961 2667322630
8135514674 83576557
6831584666 1850112185
62693999 862057707
9820303455 3091408388
7528488424 7781445311
2999363784 9481392329
8068827325 3488274098
209789180 9826311749
3443161429 7247799480
701009369 5879640462
6363195299 8035556719
6248614177 9876048172
2259152950 382613393
1308904737 7319442839
180189900 391123111
1802249509 1754431859
1304923997 2618335894
6886478422 2146693217
5881887961 6287985183
7712668988 9395988369
7365381294 6837199117
8556019324 3101278527
7190119473 4236985721
1225261134 86060537
6943079608 2181776481
7262259648 4625006083
6044311820 6950856941
396094969 3641736714
9343643699 692684955
216117253 5470544912
9332989079 4985729599
7423463570 1027565097
3512437611 9724152796
8870560155 8709336022
3644447961 7461391513
6041297795 7244833312
841259643 8354307835
6224961281 6606041447
7529748091 1048519160
2503391129 4750136520
1998278270 7376332837
4616210164 9793339291
9800445730 3096181747
1625548814 2502021317
9463889079 2657095910
2369400937 1666073841
3807269235 9854185888
7863156877 7633178937
4047964316 6501770755
5354412939 3995780072
4992823736 1191117485
1985811696 1864718095
7249703157 7460789252
4697023989 5965499756
1631077705 9834587172
1615551886 4666699631
9258017315 7596555941
4675631857 3557720809
4700018667 9868649848
3305783825 4280207648
4180108894 3713659953
6934815277 3389987163
2332062227 8801546033
2563772605 2442244021
5052325791 4819141600
3382656593 8392885828
7683012193 9773950068
6810621249 1140462941
3582670486 8058800009
6680220425 4507869226
3643515991 4784733521
5753358971 1940140173
1877522794 4682358999
2568798436 1047602323
2040221564 4166200119
7297507705 3426756268
8285831295 5911062296
447494173 2931654704
4659618194 3767045889
9314940447 3829334149
9656060754 7325626253
5669316593 55939928
6127818055 6463314517
9005121405 9032749534
8860949883 8690684872
1413810251 8508483912
5636278813 5419342689
29953432 2064989039
7805019059 1685140466
6683992609 3426704282
4758196142 1458391429
8515559582 519774087
6879620614 6290514941
8313857743 4587280088
6041661273 3552275864
3236100303 1234054715
9915156259 7380044444
9474927790 719277527
5592309758 3000027659
6541338308 2246955265
5621153778 381045581
4830562719 6907066018
8209077752 5210517561
1995497084 8073700799
9285313784 4540565141
2235303447 6316717588
6595566738 8689696469
7557583115 2291803274
9263873878 6464398219
9849885940 9771960437
3371218585 5483487922
5237606608 8976600505
8982954518 888859675
4308823727 168058253
7710424698 4578934315
3910672565 8230105471
8637604845 942036209
4386625777 8861252676
1815979678 8454622269
5531550671 4145100814
1851169489 7514356619
988687782 1392543397
5568296221 3928756457
6863840829 9611431694
6981700349 180402568
2883321381 3229363748
8674095579 2877548210
7366029329 8761887406
1903431013 1734567049
1 1
